-1.0   0.23026419169317691
-0.99   0.087362039017129689
-0.98   0.020173336357462546
-0.97   -0.0010764403721523763
-0.96   0.0029743136344251297
-0.95   0.018572776042228512
-0.94   0.037054348548670291
-0.9299999999999999   0.053423140382102829
-0.9199999999999999   0.065245305446850921
-0.9099999999999999   0.071799462822669469
-0.8999999999999999   0.073436562728075749
-0.8899999999999999   0.071108719476928428
-0.8799999999999999   0.066032814621728164
-0.8699999999999999   0.059460164903914148
-0.8599999999999999   0.052528331469293477
-0.8499999999999999   0.046175292926264877
-0.8399999999999999   0.041099783112829691
-0.8299999999999998   0.037754666831500305
-0.8199999999999998   0.036362850009006520
-0.8099999999999998   0.036947446343794654
-0.7999999999999998   0.039369797470351520
-0.7899999999999998   0.043370510608121471
-0.7799999999999998   0.048609975167921760
-0.7699999999999998   0.054705882686593932
-0.7599999999999998   0.061266134149308593
-0.7499999999999998   0.067916203423472266
-0.7399999999999998   0.074320560408863257
-0.7299999999999998   0.080198165138720579
-0.7199999999999998   0.085332344466121202
-0.7099999999999997   0.089575573888904830
-0.6999999999999997   0.092849824157014205
-0.6899999999999997   0.095143209285657421
-0.6799999999999997   0.096503701485842558
-0.6699999999999997   0.097030669700750583
-0.6599999999999997   0.096864960904382957
-0.6499999999999997   0.096178184740558753
-0.6399999999999997   0.095161788979511525
-0.6299999999999997   0.094016431111823465
-0.6199999999999997   0.092942064722280407
-0.6099999999999997   0.092129071789852451
-0.5999999999999996   0.091750686717029392
-0.5899999999999996   0.091956877018672584
-0.5799999999999996   0.092869770953735121
-0.5699999999999996   0.094580655222897155
-0.5599999999999996   0.097148507017689945
-0.5499999999999996   0.10059997466720039
-0.5399999999999996   0.10493068005335476
-0.5299999999999996   0.11010768376870399
-0.5199999999999996   0.11607293037455173
-0.5099999999999996   0.12274747561840436
-0.49999999999999956   0.13003628949286902
-0.48999999999999955   0.13783342787174445
-0.47999999999999954   0.14602737038200441
-0.46999999999999953   0.15450633235902438
-0.4599999999999995   0.16316337336354816
-0.4499999999999995   0.17190114298643870
-0.4399999999999995   0.18063612572187389
-0.4299999999999995   0.18930226977010209
-0.4199999999999995   0.19785390899642298
-0.4099999999999995   0.20626791223321894
-0.39999999999999947   0.21454501903204060
-0.38999999999999946   0.22271034528163355
-0.37999999999999945   0.23081306529932455
-0.36999999999999944   0.23892529864011269
-0.35999999999999943   0.24714024958191774
-0.3499999999999994   0.25556966473784393
-0.3399999999999994   0.26434068928565832
-0.3299999999999994   0.27359221472586800
-0.3199999999999994   0.28347082077996806
-0.3099999999999994   0.29412642097673269
-0.2999999999999994   0.30570772565865259
-0.28999999999999937   0.31835763763576298
-0.27999999999999936   0.33220869462869637
-0.26999999999999935   0.34737866912637932
-0.25999999999999934   0.36396643052127845
-0.24999999999999933   0.38204816659154463
-0.23999999999999932   0.40167405181469037
-0.22999999999999932   0.42286543888071731
-0.2199999999999993   0.44561263739728662
-0.2099999999999993   0.46987333042801278
-0.1999999999999993   0.49557166546381921
-0.18999999999999928   0.52259804198262722
-0.17999999999999927   0.55080960318563995
-0.16999999999999926   0.58003142508140282
-0.15999999999999925   0.61005838208124318
-0.14999999999999925   0.64065765491511999
-0.13999999999999924   0.67157183419980979
-0.12999999999999923   0.70252256159445873
-0.11999999999999923   0.73321464034069701
-0.10999999999999924   0.76334053825885433
-0.09999999999999924   0.79258519908429312
-0.08999999999999925   0.82063107247629010
-0.07999999999999925   0.84716326918525038
-0.06999999999999926   0.87187474576232537
-0.059999999999999255   0.89447142284983175
-0.04999999999999925   0.91467714248398683
-0.03999999999999925   0.93223837292861266
-0.02999999999999925   0.94692857426852347
-0.019999999999999248   0.95855214422836081
-0.009999999999999247   0.96694787132767549
7.528699885739343e-16   0.97199183139604252
0.010000000000000753   0.97359967349413577
0.020000000000000753   0.97172825224289411
0.030000000000000755   0.96637657526444926
0.04000000000000076   0.95758604668577980
0.05000000000000076   0.94544000024159545
0.06000000000000076   0.93006252822429226
0.07000000000000076   0.91161662515161451
0.08000000000000075   0.89030167734375622
0.09000000000000075   0.86635034141211006
0.10000000000000074   0.84002486576004881
0.11000000000000074   0.81161291939050851
0.12000000000000073   0.78142300142724625
0.13000000000000073   0.74977951262366892
0.14000000000000073   0.71701757661049298
0.15000000000000074   0.68347770359713055
0.16000000000000075   0.64950039259017135
0.17000000000000076   0.61542076984864735
0.18000000000000077   0.58156336120896358
0.19000000000000078   0.54823709405874031
0.2000000000000008   0.51573062112285620
0.2100000000000008   0.48430805287999082
0.2200000000000008   0.45420517841629001
0.23000000000000081   0.42562624593561015
0.24000000000000082   0.39874136410274975
0.25000000000000083   0.37368457404414752
0.26000000000000084   0.35055262934288930
0.27000000000000085   0.32940450793906101
0.28000000000000086   0.31026166570235823
0.29000000000000087   0.29310902682101260
0.3000000000000009   0.27789669130597832
0.3100000000000009   0.26454232511196872
0.3200000000000009   0.25293418390732015
0.3300000000000009   0.24293470766868510
0.3400000000000009   0.23438461032183773
0.3500000000000009   0.22710737688105377
0.36000000000000093   0.22091407023356015
0.37000000000000094   0.21560834113663437
0.38000000000000095   0.21099152838930537
0.39000000000000096   0.20686773173122988
0.40000000000000097   0.20304873800270138
0.410000000000001   0.19935868163223069
0.420000000000001   0.19563832372313665
0.430000000000001   0.19174883996500629
0.440000000000001   0.18757501632757126
0.450000000000001   0.18302776297761522
0.460000000000001   0.17804587101017830
0.47000000000000103   0.17259695325844912
0.48000000000000104   0.16667752943249588
0.49000000000000105   0.16031223685940945
0.500000000000001   0.15355217081163053
0.510000000000001   0.14647238240414864
0.520000000000001   0.13916858683376937
0.530000000000001   0.13175315977948131
0.540000000000001   0.12435052447367361
0.550000000000001   0.11709205562494710
0.560000000000001   0.11011064830952324
0.5700000000000011   0.10353511939369047
0.5800000000000011   0.097484625218433039
0.5900000000000011   0.092063291366043364
0.6000000000000011   0.087355257533944897
0.6100000000000011   0.083420342077156189
0.6200000000000011   0.080290525901758489
0.6300000000000011   0.077967443416607177
0.6400000000000011   0.076421048590167795
0.6500000000000011   0.075589596353266522
0.6600000000000011   0.075381043333065945
0.6700000000000012   0.075675927103929758
0.6800000000000012   0.076331729942664600
0.6900000000000012   0.077188671929821900
0.7000000000000012   0.078076809942305814
0.7100000000000012   0.078824244853091197
0.7200000000000012   0.079266160783574291
0.7300000000000012   0.079254339795264084
0.7400000000000012   0.078666715842274137
0.7500000000000012   0.077416456733576555
0.7600000000000012   0.075459996702125554
0.7700000000000012   0.072803390263876278
0.7800000000000012   0.069506326749865122
0.7900000000000013   0.065683141699639513
0.8000000000000013   0.061500194994437152
0.8100000000000013   0.057169066368538690
0.8200000000000013   0.052935158506386415
0.8300000000000013   0.049061509761461064
0.8400000000000013   0.045807917962025879
0.8500000000000013   0.043405881185207829
0.8600000000000013   0.042030390443618781
0.8700000000000013   0.041770285035395815
0.8800000000000013   0.042599728640237089
0.8900000000000013   0.044354410796349164
0.9000000000000014   0.046717354978085268
0.9100000000000014   0.049220755384906667
0.9200000000000014   0.051272107656844312
0.9300000000000014   0.052215085959234742
0.9400000000000014   0.051438196429302252
0.9500000000000014   0.048547255634838749
0.9600000000000014   0.043621258207551250
0.9700000000000014   0.037575271264106647
0.9800000000000014   0.032658691349467972
0.9900000000000014   0.033122595269208688
