-1.0   -0.3681972528985278
-0.99   -0.3535183089112538
-0.98   -0.3389715194713810
-0.97   -0.3245568845789096
-0.96   -0.3102744042338394
-0.95   -0.2961240784361705
-0.94   -0.2821059071859028
-0.9299999999999999   -0.2682198904830364
-0.9199999999999999   -0.2544660283275712
-0.9099999999999999   -0.2408443207195073
-0.8999999999999999   -0.2273547676588447
-0.8899999999999999   -0.2139973691455834
-0.8799999999999999   -0.2007721251797233
-0.8699999999999999   -0.1876790357612645
-0.8599999999999999   -0.1747181008902070
-0.8499999999999999   -0.1618893205665507
-0.8399999999999999   -0.1491926947902957
-0.8299999999999998   -0.1366282235614419
-0.8199999999999998   -0.1241959068799895
-0.8099999999999998   -0.1118957447459382
-0.7999999999999998   -0.09972773715928827
-0.7899999999999998   -0.08769188412003959
-0.7799999999999998   -0.07578818562819222
-0.7699999999999998   -0.06401664168374605
-0.7599999999999998   -0.05237725228670118
-0.7499999999999998   -0.04087001743705758
-0.7399999999999998   -0.02949493713481523
-0.7299999999999998   -0.01825201137997413
-0.7199999999999998   -0.007141240172534355
-0.7099999999999997   0.003837376487504172
-0.6999999999999997   0.01468383860014148
-0.6899999999999997   0.02539814616537747
-0.6799999999999997   0.03598029918321224
-0.6699999999999997   0.04643029765364567
-0.6599999999999997   0.05674814157667791
-0.6499999999999997   0.06693383095230884
-0.6399999999999997   0.07698736578053853
-0.6299999999999997   0.08690874606136693
-0.6199999999999997   0.09669797179479408
-0.6099999999999997   0.1063550429808199
-0.5999999999999996   0.1158799596194445
-0.5899999999999996   0.1252727217106679
-0.5799999999999996   0.1345333292544900
-0.5699999999999996   0.1436617822509108
-0.5599999999999996   0.1526580806999303
-0.5499999999999996   0.1615222246015486
-0.5399999999999996   0.1702542139557656
-0.5299999999999996   0.1788540487625814
-0.5199999999999996   0.1873217290219959
-0.5099999999999996   0.1956572547340091
-0.49999999999999956   0.2038606258986210
-0.48999999999999955   0.2119318425158317
-0.47999999999999954   0.2198709045856411
-0.46999999999999953   0.2276778121080492
-0.4599999999999995   0.2353525650830561
-0.4499999999999995   0.2428951635106617
-0.4399999999999995   0.2503056073908660
-0.4299999999999995   0.2575838967236691
-0.4199999999999995   0.2647300315090709
-0.4099999999999995   0.2717440117470715
-0.39999999999999947   0.2786258374376707
-0.38999999999999946   0.2853755085808688
-0.37999999999999945   0.2919930251766655
-0.36999999999999944   0.2984783872250610
-0.35999999999999943   0.3048315947260552
-0.3499999999999994   0.3110526476796481
-0.3399999999999994   0.3171415460858398
-0.3299999999999994   0.3230982899446302
-0.3199999999999994   0.3289228792560194
-0.3099999999999994   0.3346153140200072
-0.2999999999999994   0.3401755942365939
-0.28999999999999937   0.3456037199057792
-0.27999999999999936   0.3508996910275633
-0.26999999999999935   0.3560635076019461
-0.25999999999999934   0.3610951696289276
-0.24999999999999933   0.3659946771085079
-0.23999999999999932   0.3707620300406869
-0.22999999999999932   0.3753972284254646
-0.2199999999999993   0.3799002722628411
-0.2099999999999993   0.3842711615528163
-0.1999999999999993   0.3885098962953903
-0.18999999999999928   0.3926164764905630
-0.17999999999999927   0.3965909021383344
-0.16999999999999926   0.4004331732387045
-0.15999999999999925   0.4041432897916734
-0.14999999999999925   0.4077212517972410
-0.13999999999999924   0.4111670592554073
-0.12999999999999923   0.4144807121661724
-0.11999999999999923   0.4176622105295362
-0.10999999999999924   0.4207115543454988
-0.09999999999999924   0.4236287436140600
-0.08999999999999925   0.4264137783352200
-0.07999999999999925   0.4290666585089788
-0.06999999999999926   0.4315873841353363
-0.059999999999999255   0.4339759552142925
-0.04999999999999925   0.4362323717458474
-0.03999999999999925   0.4383566337300011
-0.02999999999999925   0.4403487411667535
-0.019999999999999248   0.4422086940561046
-0.009999999999999247   0.4439364923980545
7.528699885739343e-16   0.4455321361926031
0.010000000000000753   0.4469956254397505
0.020000000000000753   0.4483269601394965
0.030000000000000755   0.4495261402918414
0.04000000000000076   0.4505931658967849
0.05000000000000076   0.4515280369543272
0.06000000000000076   0.4523307534644682
0.07000000000000076   0.4530013154272079
0.08000000000000075   0.4535397228425464
0.09000000000000075   0.4539459757104836
0.10000000000000074   0.4542200740310196
0.11000000000000074   0.4543620178041543
0.12000000000000073   0.4543718070298877
0.13000000000000073   0.4542494417082198
0.14000000000000073   0.4539949218391507
0.15000000000000074   0.4536082474226803
0.16000000000000075   0.4530894184588087
0.17000000000000076   0.4524384349475357
0.18000000000000077   0.4516552968888616
0.19000000000000078   0.4507400042827861
0.2000000000000008   0.4496925571293094
0.2100000000000008   0.4485129554284314
0.2200000000000008   0.4472011991801521
0.23000000000000081   0.4457572883844716
0.24000000000000082   0.4441812230413898
0.25000000000000083   0.4424730031509068
0.26000000000000084   0.4406326287130225
0.27000000000000085   0.4386600997277369
0.28000000000000086   0.4365554161950500
0.29000000000000087   0.4343185781149619
0.3000000000000009   0.4319495854874725
0.3100000000000009   0.4294484383125819
0.3200000000000009   0.4268151365902900
0.3300000000000009   0.4240496803205968
0.3400000000000009   0.4211520695035023
0.3500000000000009   0.4181223041390066
0.36000000000000093   0.4149603842271096
0.37000000000000094   0.4116663097678114
0.38000000000000095   0.4082400807611118
0.39000000000000096   0.4046816972070111
0.40000000000000097   0.4009911591055090
0.410000000000001   0.3971684664566057
0.420000000000001   0.3932136192603011
0.430000000000001   0.3891266175165952
0.440000000000001   0.3849074612254881
0.450000000000001   0.3805561503869797
0.460000000000001   0.3760726850010701
0.47000000000000103   0.3714570650677592
0.48000000000000104   0.3667092905870470
0.49000000000000105   0.3618293615589335
0.500000000000001   0.3568172779834188
0.510000000000001   0.3516730398605028
0.520000000000001   0.3463966471901856
0.530000000000001   0.3409880999724671
0.540000000000001   0.3354473982073473
0.550000000000001   0.3297745418948262
0.560000000000001   0.3239695310349039
0.5700000000000011   0.3180323656275804
0.5800000000000011   0.3119630456728555
0.5900000000000011   0.3057615711707294
0.6000000000000011   0.2994279421212020
0.6100000000000011   0.2929621585242733
0.6200000000000011   0.2863642203799434
0.6300000000000011   0.2796341276882122
0.6400000000000011   0.2727718804490798
0.6500000000000011   0.2657774786625461
0.6600000000000011   0.2586509223286111
0.6700000000000012   0.2513922114472748
0.6800000000000012   0.2440013460185373
0.6900000000000012   0.2364783260423985
0.7000000000000012   0.2288231515188585
0.7100000000000012   0.2210358224479172
0.7200000000000012   0.2131163388295746
0.7300000000000012   0.2050647006638308
0.7400000000000012   0.1968809079506856
0.7500000000000012   0.1885649606901392
0.7600000000000012   0.1801168588821916
0.7700000000000012   0.1715366025268427
0.7800000000000012   0.1628241916240925
0.7900000000000013   0.1539796261739410
0.8000000000000013   0.1450029061763883
0.8100000000000013   0.1358940316314343
0.8200000000000013   0.1266530025390791
0.8300000000000013   0.1172798188993225
0.8400000000000013   0.1077744807121647
0.8500000000000013   0.09813698797760570
0.8600000000000013   0.08836734069564540
0.8700000000000013   0.07846553886628378
0.8800000000000013   0.06843158248952100
0.8900000000000013   0.05826547156535687
0.9000000000000014   0.04796720609379149
0.9100000000000014   0.03753678607482479
0.9200000000000014   0.02697421150845691
0.9300000000000014   0.01627948239468771
0.9400000000000014   0.005452598733517264
0.9500000000000014   -0.005506439475054442
0.9600000000000014   -0.01659763223102748
0.9700000000000014   -0.02782097953440170
0.9800000000000014   -0.03917648138517722
0.9900000000000014   -0.05066413778335400
