-1.0   0.59649850971728821
-0.99   0.54635405108195669
-0.98   0.49859475771316694
-0.97   0.45316664688000784
-0.96   0.41001624576828823
-0.95   0.36909059148053844
-0.94   0.33033723103600830
-0.9299999999999999   0.29370422137066871
-0.9199999999999999   0.25914012933721102
-0.9099999999999999   0.22659403170504683
-0.8999999999999999   0.19601551516030852
-0.8899999999999999   0.16735467630584886
-0.8799999999999999   0.14056212166124089
-0.8699999999999999   0.11558896766277935
-0.8599999999999999   0.092386840663477490
-0.8499999999999999   0.070907876933070968
-0.8399999999999999   0.051104722658014769
-0.8299999999999998   0.032930533941484966
-0.8199999999999998   0.016338976803377564
-0.8099999999999998   0.0012842271803101372
-0.7999999999999998   -0.012279029074380676
-0.7899999999999998   -0.024395596190636444
-0.7799999999999998   -0.035109768481679175
-0.7699999999999998   -0.044465330344009270
-0.7599999999999998   -0.052505556257407901
-0.7499999999999998   -0.059273210784934733
-0.7399999999999998   -0.064810548572929247
-0.7299999999999998   -0.069159314351010699
-0.7199999999999998   -0.072360742932077639
-0.7099999999999997   -0.074455559212307863
-0.6999999999999997   -0.075483978171158681
-0.6899999999999997   -0.075485704871367468
-0.6799999999999997   -0.074499934458950355
-0.6699999999999997   -0.072565352163203556
-0.6599999999999997   -0.069720133296702172
-0.6499999999999997   -0.066001943255301297
-0.6399999999999997   -0.061447937518135380
-0.6299999999999997   -0.056094761647618299
-0.6199999999999997   -0.049978551289443417
-0.6099999999999997   -0.043134932172583641
-0.5999999999999996   -0.035599020109291292
-0.5899999999999996   -0.027405420995098130
-0.5799999999999996   -0.018588230808815677
-0.5699999999999996   -0.0091810356125345939
-0.5599999999999996   0.00078308844837476129
-0.5499999999999996   0.011271575145262443
-0.5399999999999996   0.022252368166199191
-0.5299999999999996   0.033693921115976506
-0.5199999999999996   0.045565197516105800
-0.5099999999999996   0.057835670804819318
-0.49999999999999956   0.070475324337070004
-0.48999999999999955   0.083454651384530990
-0.47999999999999954   0.096744655135596159
-0.46999999999999953   0.11031684869537963
-0.4599999999999995   0.12414325508571636
-0.4499999999999995   0.13819640724516158
-0.4399999999999995   0.15244934802899117
-0.4299999999999995   0.16687563020920135
-0.4199999999999995   0.18144931647450908
-0.4099999999999995   0.19614497943035158
-0.39999999999999947   0.21093770159888685
-0.38999999999999946   0.22580307541899328
-0.37999999999999945   0.24071720324626960
-0.36999999999999944   0.25565669735303537
-0.35999999999999943   0.27059867992833035
-0.3499999999999994   0.28552078307791514
-0.3399999999999994   0.30040114882427053
-0.3299999999999994   0.31521842910659803
-0.3199999999999994   0.32995178578081958
-0.3099999999999994   0.34458089061957767
-0.2999999999999994   0.35908592531223525
-0.28999999999999937   0.37344758146487581
-0.27999999999999936   0.38764706060030338
-0.26999999999999935   0.40166607415804245
-0.25999999999999934   0.41548684349433803
-0.24999999999999933   0.42909209988215571
-0.23999999999999932   0.44246508451118149
-0.22999999999999932   0.45558954848782196
-0.2199999999999993   0.46844975283520417
-0.2099999999999993   0.48103046849317571
-0.1999999999999993   0.49331697631830467
-0.18999999999999928   0.50529506708387965
-0.17999999999999927   0.51695104147990979
-0.16999999999999926   0.52827171011312468
-0.15999999999999925   0.53924439350697448
-0.14999999999999925   0.54985692210162985
-0.13999999999999924   0.56009763625398193
-0.12999999999999923   0.56995538623764241
-0.11999999999999923   0.57941953224294346
-0.10999999999999924   0.58847994437693777
-0.09999999999999924   0.59712700266339857
-0.08999999999999925   0.60535159704281957
-0.07999999999999925   0.61314512737241500
-0.06999999999999926   0.62049950342611960
-0.059999999999999255   0.62740714489458863
-0.04999999999999925   0.63386098138519784
-0.03999999999999925   0.63985445242204352
-0.02999999999999925   0.64538150744594245
-0.019999999999999248   0.65043660581443192
-0.009999999999999247   0.65501471680176975
7.528699885739343e-16   0.65911131959893426
0.010000000000000753   0.66272240331362428
0.020000000000000753   0.66584446697025915
0.030000000000000755   0.66847451950997873
0.04000000000000076   0.67061007979064339
0.05000000000000076   0.67224917658683400
0.06000000000000076   0.67339034858985195
0.07000000000000076   0.67403264440771914
0.08000000000000075   0.67417562256517800
0.09000000000000075   0.67381935150369142
0.10000000000000074   0.67296440958144287
0.11000000000000074   0.67161188507333627
0.12000000000000073   0.66976337617099609
0.13000000000000073   0.66742099098276729
0.14000000000000073   0.66458734753371537
0.15000000000000074   0.66126557376562628
0.16000000000000075   0.65745930753700657
0.17000000000000076   0.65317269662308322
0.18000000000000077   0.64841039871580378
0.19000000000000078   0.64317758142383627
0.2000000000000008   0.63747992227256926
0.2100000000000008   0.63132360870411178
0.2200000000000008   0.62471533807729342
0.23000000000000081   0.61766231766766425
0.24000000000000082   0.61017226466749489
0.25000000000000083   0.60225340618577641
0.26000000000000084   0.59391447924822046
0.27000000000000085   0.58516473079725914
0.28000000000000086   0.57601391769204512
0.29000000000000087   0.56647230670845152
0.3000000000000009   0.55655067453907204
0.3100000000000009   0.54626030779322081
0.3200000000000009   0.53561300299693253
0.3300000000000009   0.52462106659296242
0.3400000000000009   0.51329731494078615
0.3500000000000009   0.50165507431659996
0.36000000000000093   0.48970818091332062
0.37000000000000094   0.47747098084058529
0.38000000000000095   0.46495833012475175
0.39000000000000096   0.45218559470889834
0.40000000000000097   0.43916865045282370
0.410000000000001   0.42592388313304723
0.420000000000001   0.41246818844280870
0.430000000000001   0.39881897199206845
0.440000000000001   0.38499414930750719
0.450000000000001   0.37101214583252638
0.460000000000001   0.35689189692724779
0.47000000000000103   0.34265284786851381
0.48000000000000104   0.32831495384988726
0.49000000000000105   0.31389867998165155
0.500000000000001   0.29942500129081070
0.510000000000001   0.28491540272108884
0.520000000000001   0.27039187913293106
0.530000000000001   0.25587693530350282
0.540000000000001   0.24139358592668990
0.550000000000001   0.22696535561309888
0.560000000000001   0.21261627889005675
0.5700000000000011   0.19837090020161080
0.5800000000000011   0.18425427390852904
0.5900000000000011   0.17029196428830009
0.6000000000000011   0.15651004553513295
0.6100000000000011   0.14293510175995714
0.6200000000000011   0.12959422699042256
0.6300000000000011   0.11651502517089972
0.6400000000000011   0.10372561016247981
0.6500000000000011   0.091254605742974455
0.6600000000000011   0.079131145606915636
0.6700000000000012   0.067384873365555844
0.6800000000000012   0.056045942546868194
0.6900000000000012   0.045145016595546383
0.7000000000000012   0.034713268873004537
0.7100000000000012   0.024782382657377292
0.7200000000000012   0.015384551143519587
0.7300000000000012   0.0065524774430074286
0.7400000000000012   -0.0016806254158632551
0.7500000000000012   -0.0092810344880761286
0.7600000000000012   -0.016214516911893266
0.7700000000000012   -0.022446329908857305
0.7800000000000012   -0.027941220783790270
0.7900000000000013   -0.032663426924793112
0.8000000000000013   -0.036576675803246795
0.8100000000000013   -0.039644184973811333
0.8200000000000013   -0.041828662074426998
0.8300000000000013   -0.043092304826312475
0.8400000000000013   -0.043396801033966722
0.8500000000000013   -0.042703328585167817
0.8600000000000013   -0.040972555450973482
0.8700000000000013   -0.038164639685721371
0.8800000000000013   -0.034239229427027222
0.8900000000000013   -0.029155462895788223
0.9000000000000014   -0.022871968396179412
0.9100000000000014   -0.015346864315656147
0.9200000000000014   -0.0065377591249527016
0.9300000000000014   0.0035982486219161836
0.9400000000000014   0.015104570287657319
0.9500000000000014   0.028025127151697540
0.9600000000000014   0.042404350410184134
0.9700000000000014   0.058287181175985366
0.9800000000000014   0.075719070478689147
0.9900000000000014   0.094745979264605044
