-1.0   -0.52310202158910471
-0.99   -0.42631262490999718
-0.98   -0.33881416352193868
-0.97   -0.26004344476162181
-0.96   -0.18945822910297831
-0.95   -0.12653677936627941
-0.94   -0.070777414312158678
-0.9299999999999999   -0.021698066620508334
-0.9199999999999999   0.021164154745717249
-0.9099999999999999   0.058253397791799680
-0.8999999999999999   0.089995496357663862
-0.8899999999999999   0.11679839459938610
-0.8799999999999999   0.13905256708580381
-0.8699999999999999   0.15713143451023400
-0.8599999999999999   0.17139177501728494
-0.8499999999999999   0.18217413114478606
-0.8399999999999999   0.18980321238080578
-0.8299999999999998   0.19458829333578427
-0.8199999999999998   0.19682360752976303
-0.8099999999999998   0.19678873679472166
-0.7999999999999998   0.19474899629201406
-0.7899999999999998   0.19095581514491377
-0.7799999999999998   0.18564711268625555
-0.7699999999999998   0.17904767032118796
-0.7599999999999998   0.17136949900502053
-0.7499999999999998   0.16281220233618492
-0.7399999999999998   0.15356333526428967
-0.7299999999999998   0.14379875841328240
-0.7199999999999998   0.13368298801971816
-0.7099999999999997   0.12336954148612693
-0.6999999999999997   0.11300127854948616
-0.6899999999999997   0.10271073806479481
-0.6799999999999997   0.092620470403755834
-0.6699999999999997   0.082843365468556036
-0.6599999999999997   0.073482976320753669
-0.6499999999999997   0.064633838425266366
-0.6399999999999997   0.056381784509464319
-0.6299999999999997   0.048804255037366960
-0.6199999999999997   0.041970604298941696
-0.6099999999999997   0.035942402114507327
-0.5999999999999996   0.030773731154239521
-0.5899999999999996   0.026511479872781638
-0.5799999999999996   0.023195631058955859
-0.5699999999999996   0.020859546000581701
-0.5599999999999996   0.019530244264394123
-0.5499999999999996   0.019228679091067182
-0.5399999999999996   0.019970008405341135
-0.5299999999999996   0.021763861441252405
-0.5199999999999996   0.024614600982465039
-0.5099999999999996   0.028521581217709526
-0.49999999999999956   0.033479401211322644
-0.48999999999999955   0.039478153988889391
-0.47999999999999954   0.046503671237991592
-0.46999999999999953   0.054537763624056622
-0.4599999999999995   0.063558456721312499
-0.4499999999999995   0.073540222558843666
-0.4399999999999995   0.084454206781752017
-0.4299999999999995   0.096268451427420314
-0.4199999999999995   0.10894811331687978
-0.4099999999999995   0.12245567806128003
-0.39999999999999947   0.13675116968346370
-0.38999999999999946   0.15179235585464332
-0.37999999999999945   0.16753494874618153
-0.36999999999999944   0.18393280149647647
-0.35999999999999943   0.20093810029294772
-0.3499999999999994   0.21850155206912862
-0.3399999999999994   0.23657256781685906
-0.3299999999999994   0.25509944151358422
-0.3199999999999994   0.27402952466475491
-0.3099999999999994   0.29330939646133236
-0.2999999999999994   0.31288502955239557
-0.28999999999999937   0.33270195143285278
-0.27999999999999936   0.35270540144625606
-0.26999999999999935   0.37284048340271881
-0.25999999999999934   0.39305231381193749
-0.24999999999999933   0.41328616573131618
-0.23999999999999932   0.43348760822919449
-0.22999999999999932   0.45360264146317930
-0.2199999999999993   0.47357782737357927
-0.2099999999999993   0.49336041599194338
-0.1999999999999993   0.51289846736470233
-0.18999999999999928   0.53214096909191368
-0.17999999999999927   0.55103794948111014
-0.16999999999999926   0.56954058631625126
-0.15999999999999925   0.58760131124177878
-0.14999999999999925   0.60517390976177503
-0.13999999999999924   0.62221361685422483
-0.12999999999999923   0.63867720820038088
-0.11999999999999923   0.65452308702923235
-0.10999999999999924   0.66971136657707706
-0.09999999999999924   0.68420394816219684
-0.08999999999999925   0.69796459487463643
-0.07999999999999925   0.71095900088108565
-0.06999999999999926   0.72315485634486507
-0.059999999999999255   0.73452190796101497
-0.04999999999999925   0.74503201510648769
-0.03999999999999925   0.75465920160544347
-0.02999999999999925   0.76337970310964953
-0.019999999999999248   0.77117201009398262
-0.009999999999999247   0.77801690646703495
7.528699885739343e-16   0.78389750379682348
0.010000000000000753   0.78879927115160262
0.020000000000000753   0.79271006055578026
0.030000000000000755   0.79562012806093728
0.04000000000000076   0.79752215043195034
0.05000000000000076   0.79841123744821813
0.06000000000000076   0.79828493981999099
0.07000000000000076   0.79714325271980386
0.08000000000000075   0.79498861492901268
0.09000000000000075   0.79182590359943419
0.10000000000000074   0.78766242463008900
0.11000000000000074   0.78250789865904818
0.12000000000000073   0.77637444267038316
0.13000000000000073   0.76927654721621899
0.14000000000000073   0.76123104925389112
0.15000000000000074   0.75225710059820533
0.16000000000000075   0.74237613198880137
0.17000000000000076   0.73161181277261959
0.18000000000000077   0.71999000620147130
0.19000000000000078   0.70753872034471233
0.2000000000000008   0.69428805461702010
0.2100000000000008   0.68027014192127379
0.2200000000000008   0.66551908640653836
0.23000000000000081   0.65007089684115149
0.24000000000000082   0.63396341560091429
0.25000000000000083   0.61723624327238499
0.26000000000000084   0.59993065887127645
0.27000000000000085   0.58208953567595672
0.28000000000000086   0.56375725267605322
0.29000000000000087   0.54497960163615999
0.3000000000000009   0.52580368977464878
0.3100000000000009   0.50627783805758302
0.3200000000000009   0.48645147510773564
0.3300000000000009   0.46637502672871001
0.3400000000000009   0.44609980104416412
0.3500000000000009   0.42567786925213863
0.36000000000000093   0.40516194199448795
0.37000000000000094   0.38460524134141438
0.38000000000000095   0.36406136839110664
0.39000000000000096   0.34358416648448092
0.40000000000000097   0.32322758003502507
0.410000000000001   0.30304550897374766
0.420000000000001   0.28309165880922854
0.430000000000001   0.26341938630277420
0.440000000000001   0.24408154075867540
0.450000000000001   0.22513030092956982
0.460000000000001   0.20661700753690582
0.47000000000000103   0.18859199140651179
0.48000000000000104   0.17110439721926723
0.49000000000000105   0.15420200287687845
0.500000000000001   0.13793103448275684
0.510000000000001   0.12233597693800024
0.520000000000001   0.10745938015247943
0.530000000000001   0.093341660871026041
0.540000000000001   0.080020900114724167
0.550000000000001   0.067532636237307025
0.560000000000001   0.055909653596655073
0.5700000000000011   0.045181766841397632
0.5800000000000011   0.035375600812619765
0.5900000000000011   0.026514366060670758
0.6000000000000011   0.018617629977076035
0.6100000000000011   0.011701083541553661
0.6200000000000011   0.0057763036841323185
0.6300000000000011   0.00085051126237515283
0.6400000000000011   -0.0030736753462947443
0.6500000000000011   -0.0059984910371650053
0.6600000000000011   -0.0079312791557021659
0.6700000000000012   -0.0088847510599145661
0.6800000000000012   -0.0088772500676132272
0.6900000000000012   -0.0079330197885687480
0.7000000000000012   -0.0060824768415656538
0.7100000000000012   -0.0033624879563524043
0.7200000000000012   0.00018334853951126884
0.7300000000000012   0.0045044168489112510
0.7400000000000012   0.0095427934485389290
0.7500000000000012   0.015232952447351671
0.7600000000000012   0.021501466560145451
0.7700000000000012   0.028266703696217709
0.7800000000000012   0.035438519163144833
0.7900000000000013   0.042917943485658180
0.8000000000000013   0.050596865839623251
0.8100000000000013   0.058357713101124666
0.8200000000000013   0.066073124510649710
0.8300000000000013   0.073605621952384015
0.8400000000000013   0.080807275848599681
0.8500000000000013   0.087519366669155760
0.8600000000000013   0.093572042056096927
0.8700000000000013   0.098783969563356753
0.8800000000000013   0.10296198501156905
0.8900000000000013   0.10590073645797064
0.9000000000000014   0.10738232378142400
0.9100000000000014   0.10717593388252874
0.9200000000000014   0.10503747149884355
0.9300000000000014   0.10070918563521012
0.9400000000000014   0.093919291609181527
0.9500000000000014   0.084381588711554753
0.9600000000000014   0.071795073481999844
0.9700000000000014   0.055843548599801902
0.9800000000000014   0.036195227389699484
0.9900000000000014   0.012502333942832351
