-1.0   0.53484296820922080
-0.99   0.40186215785343106
-0.98   0.29051412986060460
-0.97   0.19846114548017115
-0.96   0.12354140717808471
-0.95   0.063759891275999896
-0.94   0.017279500454495590
-0.9299999999999999   -0.017587470692668285
-0.9199999999999999   -0.042387563798793680
-0.9099999999999999   -0.058534085236696586
-0.8999999999999999   -0.067314741613303745
-0.8899999999999999   -0.069898988788715880
-0.8799999999999999   -0.067345100894270010
-0.8699999999999999   -0.060606965756398706
-0.8599999999999999   -0.050540613065406907
-0.8499999999999999   -0.037910481560536689
-0.8399999999999999   -0.023395431434966071
-0.8299999999999998   -0.0075945080966644679
-0.8199999999999998   0.0089675366466774667
-0.8099999999999998   0.025834959978166747
-0.7999999999999998   0.042615974104939024
-0.7899999999999998   0.058977917069032978
-0.7799999999999998   0.074642642538624009
-0.7699999999999998   0.089382122850021756
-0.7599999999999998   0.10301425963856002
-0.7499999999999998   0.11539889646426613
-0.7399999999999998   0.12643402790584797
-0.7299999999999998   0.13605219966434331
-0.7199999999999998   0.14421709428545598
-0.7099999999999997   0.15092029717730977
-0.6999999999999997   0.15617823766812223
-0.6899999999999997   0.16002929991597609
-0.6799999999999997   0.16253109855064187
-0.6699999999999997   0.16375791399506204
-0.6599999999999997   0.16379828248189507
-0.6499999999999997   0.16275273584819865
-0.6399999999999997   0.16073168625907477
-0.6299999999999997   0.15785345107881636
-0.6199999999999997   0.15424241317581650
-0.6099999999999997   0.15002731201523181
-0.5999999999999996   0.14533966096110304
-0.5899999999999996   0.14031228627737998
-0.5799999999999996   0.13507798338498884
-0.5699999999999996   0.12976828599984552
-0.5599999999999996   0.12451234384439725
-0.5499999999999996   0.11943590469303535
-0.5399999999999996   0.11466039657942409
-0.5299999999999996   0.11030210606151928
-0.5199999999999996   0.10647144850777217
-0.5099999999999996   0.10327232643574974
-0.49999999999999956   0.10080157200210510
-0.48999999999999955   0.099148469810565881
-0.47999999999999954   0.098394356272343468
-0.46999999999999953   0.098612291821061957
-0.4599999999999995   0.099866802352058812
-0.4499999999999995   0.10221368632360749
-0.4399999999999995   0.10569988402535415
-0.4299999999999995   0.11036340558697353
-0.4199999999999995   0.11623331436777583
-0.4099999999999995   0.12332976243571924
-0.39999999999999947   0.13166407491200818
-0.38999999999999946   0.14123888002517613
-0.37999999999999945   0.15204828178627934
-0.36999999999999944   0.16407807226455328
-0.35999999999999943   0.17730598051059545
-0.3499999999999994   0.19170195524188038
-0.3399999999999994   0.20722847847311459
-0.3299999999999994   0.22384090734168358
-0.3199999999999994   0.24148784144614812
-0.3099999999999994   0.26011151308348427
-0.2999999999999994   0.27964819783847525
-0.28999999999999937   0.30002864304639435
-0.27999999999999936   0.32117851171783501
-0.26999999999999935   0.34301883958227111
-0.25999999999999934   0.36546650297465474
-0.24999999999999933   0.38843469535707843
-0.23999999999999932   0.41183341033525537
-0.22999999999999932   0.43556992909729399
-0.2199999999999993   0.45954931026996478
-0.2099999999999993   0.48367488025538373
-0.1999999999999993   0.50784872217875689
-0.18999999999999928   0.53197216164555664
-0.17999999999999927   0.55594624757422176
-0.16999999999999926   0.57967222643819778
-0.15999999999999925   0.60305200831885766
-0.14999999999999925   0.62598862323856498
-0.13999999999999924   0.64838666631086648
-0.12999999999999923   0.67015273031252389
-0.11999999999999923   0.69119582434981782
-0.10999999999999924   0.71142777735928052
-0.09999999999999924   0.73076362525073734
-0.08999999999999925   0.74912198056826033
-0.07999999999999925   0.76642538361236039
-0.06999999999999926   0.78260063403446862
-0.059999999999999255   0.79757910198247977
-0.04999999999999925   0.81129701794385506
-0.03999999999999925   0.82369574050050450
-0.02999999999999925   0.83472200127739236
-0.019999999999999248   0.84432812643453286
-0.009999999999999247   0.85247223411976653
7.528699885739343e-16   0.85911840736743095
0.010000000000000753   0.86423684199576328
0.020000000000000753   0.86780396912359493
0.030000000000000755   0.86980255199462259
0.04000000000000076   0.87022175686526280
0.05000000000000076   0.86905719777982095
0.06000000000000076   0.86631095512442878
0.07000000000000076   0.86199156791892793
0.08000000000000075   0.85611399987360054
0.09000000000000075   0.84869957930537107
0.10000000000000074   0.83977591307582718
0.11000000000000074   0.82937677478113064
0.12000000000000073   0.81754196749161289
0.13000000000000073   0.80431716140657289
0.14000000000000073   0.78975370685751883
0.15000000000000074   0.77390842316081793
0.16000000000000075   0.75684336388844292
0.17000000000000076   0.73862555919322584
0.18000000000000077   0.71932673589275481
0.19000000000000078   0.69902301608377130
0.2000000000000008   0.67779459512665002
0.2100000000000008   0.65572539990726559
0.2200000000000008   0.63290272835127562
0.23000000000000081   0.60941687123357050
0.24000000000000082   0.58536071739336630
0.25000000000000083   0.56082934353313814
0.26000000000000084   0.53591958984731717
0.27000000000000085   0.51072962279439535
0.28000000000000086   0.48535848639380745
0.29000000000000087   0.45990564349668177
0.3000000000000009   0.43447050854727587
0.3100000000000009   0.40915197341963489
0.3200000000000009   0.38404792798173633
0.3300000000000009   0.35925477710710541
0.3400000000000009   0.33486695592161045
0.3500000000000009   0.31097644514087179
0.36000000000000093   0.28767228842143836
0.37000000000000094   0.26504011371661147
0.38000000000000095   0.24316166069552018
0.39000000000000096   0.22211431635177155
0.40000000000000097   0.20197066099572589
0.410000000000001   0.18279802689217243
0.420000000000001   0.16465807187289648
0.430000000000001   0.14760637032136255
0.440000000000001   0.13169202399445229
0.450000000000001   0.11695729521392822
0.460000000000001   0.10343726502800607
0.47000000000000103   0.091159519011157111
0.48000000000000104   0.080143863437968794
0.49000000000000105   0.070402074634630794
0.500000000000001   0.061937684379323362
0.510000000000001   0.054745804290518891
0.520000000000001   0.048812992209925955
0.530000000000001   0.044117163654527281
0.540000000000001   0.040627551479888994
0.550000000000001   0.038304716964645099
0.560000000000001   0.037100615593774987
0.5700000000000011   0.036958720886022291
0.5800000000000011   0.037814209678531937
0.5900000000000011   0.039594212349488730
0.6000000000000011   0.042218131527281162
0.6100000000000011   0.045598032902431772
0.6200000000000011   0.049639111826250089
0.6300000000000011   0.054240239447908963
0.6400000000000011   0.059294592209339546
0.6500000000000011   0.064690368585091990
0.6600000000000011   0.070311597022007358
0.6700000000000012   0.076039039101295232
0.6800000000000012   0.081751192013308147
0.6900000000000012   0.087325394503050349
0.7000000000000012   0.092639040512163109
0.7100000000000012   0.097570904810869764
0.7200000000000012   0.10200258498107258
0.7300000000000012   0.10582006417952096
0.7400000000000012   0.10891539917770876
0.7500000000000012   0.11118853824283716
0.7600000000000012   0.11254927349198893
0.7700000000000012   0.11291933241925855
0.7800000000000012   0.11223461336344232
0.7900000000000013   0.11044756975150288
0.8000000000000013   0.10752974802082455
0.8100000000000013   0.10347448419094291
0.8200000000000013   0.098299764123193259
0.8300000000000013   0.092051252574443944
0.8400000000000013   0.084805496218762877
0.8500000000000013   0.076673305878645577
0.8600000000000013   0.067803323275122417
0.8700000000000013   0.058385777673782918
0.8800000000000013   0.048656437871515260
0.8900000000000013   0.038900765036415361
0.9000000000000014   0.029458271981135799
0.9100000000000014   0.020727094517563958
0.9200000000000014   0.013168780608534707
0.9300000000000014   0.0073133030999459336
0.9400000000000014   0.0037643018843975667
0.9500000000000014   0.0032045614152056978
0.9600000000000014   0.0064017295572780797
0.9700000000000014   0.014214283829257289
0.9800000000000014   0.027597751158816762
0.9900000000000014   0.047611187340918119
