-1.0   0.0384615384615385
-0.99   0.0392118419762768
-0.98   0.0399840063974410
-0.97   0.0407788765419513
-0.96   0.0415973377703827
-0.95   0.0424403183023873
-0.94   0.0433087916847120
-0.9299999999999999   0.0442037794231407
-0.9199999999999999   0.0451263537906137
-0.9099999999999999   0.0460776408247898
-0.8999999999999999   0.0470588235294118
-0.8899999999999999   0.0480711452950367
-0.8799999999999999   0.0491159135559922
-0.8699999999999999   0.0501945037018447
-0.8599999999999999   0.0513083632632119
-0.8499999999999999   0.0524590163934426
-0.8399999999999999   0.0536480686695279
-0.8299999999999998   0.0548772122376184
-0.8199999999999998   0.0561482313307131
-0.8099999999999998   0.0574630081884787
-0.7999999999999998   0.0588235294117647
-0.7899999999999998   0.0602318927872309
-0.7799999999999998   0.0616903146206046
-0.7699999999999998   0.0632011376204772
-0.7599999999999998   0.0647668393782384
-0.7499999999999998   0.0663900414937760
-0.7399999999999998   0.0680735194009531
-0.7299999999999998   0.0698202129516496
-0.7199999999999998   0.0716332378223496
-0.7099999999999997   0.0735158978129021
-0.6999999999999997   0.0754716981132076
-0.6899999999999997   0.0775043596202287
-0.6799999999999997   0.0796178343949045
-0.6699999999999997   0.0818163223563101
-0.6599999999999997   0.0841042893187553
-0.6499999999999997   0.0864864864864866
-0.6399999999999997   0.0889679715302492
-0.6299999999999997   0.0915541313801786
-0.6199999999999997   0.0942507068803017
-0.6099999999999997   0.0970638194612959
-0.5999999999999996   0.100000000000000
-0.5899999999999996   0.103066220046380
-0.5799999999999996   0.106269925611052
-0.5699999999999996   0.109619073718827
-0.5599999999999996   0.113122171945701
-0.5499999999999996   0.116788321167883
-0.5399999999999996   0.120627261761158
-0.5299999999999996   0.124649423496417
-0.5199999999999996   0.128865979381444
-0.5099999999999996   0.133288903698767
-0.49999999999999956   0.137931034482759
-0.48999999999999955   0.142806140664049
-0.47999999999999954   0.147928994082840
-0.46999999999999953   0.153315446531238
-0.4599999999999995   0.158982511923689
-0.4499999999999995   0.164948453608248
-0.4399999999999995   0.171232876712329
-0.4299999999999995   0.177856825255670
-0.4199999999999995   0.184842883548984
-0.4099999999999995   0.192215281114849
-0.39999999999999947   0.200000000000000
-0.38999999999999946   0.208224882873504
-0.37999999999999945   0.216919739696313
-0.36999999999999944   0.226116449971736
-0.35999999999999943   0.235849056603774
-0.3499999999999994   0.246153846153847
-0.3399999999999994   0.257069408740361
-0.3299999999999994   0.268636668905306
-0.3199999999999994   0.280898876404495
-0.3099999999999994   0.293901542983102
-0.2999999999999994   0.307692307692309
-0.28999999999999937   0.322320709105561
-0.27999999999999936   0.337837837837839
-0.26999999999999935   0.354295837023916
-0.25999999999999934   0.371747211895912
-0.24999999999999933   0.390243902439026
-0.23999999999999932   0.409836065573772
-0.22999999999999932   0.430570505920346
-0.2199999999999993   0.452488687782807
-0.2099999999999993   0.475624256837100
-0.1999999999999993   0.500000000000002
-0.18999999999999928   0.525624178712223
-0.17999999999999927   0.552486187845306
-0.16999999999999926   0.580551523947752
-0.15999999999999925   0.609756097560978
-0.14999999999999925   0.640000000000002
-0.13999999999999924   0.671140939597318
-0.12999999999999923   0.702987697715292
-0.11999999999999923   0.735294117647061
-0.10999999999999924   0.767754318618045
-0.09999999999999924   0.800000000000002
-0.08999999999999925   0.831600831600834
-0.07999999999999925   0.862068965517244
-0.06999999999999926   0.890868596881962
-0.059999999999999255   0.917431192660552
-0.04999999999999925   0.941176470588237
-0.03999999999999925   0.961538461538463
-0.02999999999999925   0.977995110024451
-0.019999999999999248   0.990099009900991
-0.009999999999999247   0.997506234413965
7.528699885739343e-16   1.00000000000000
0.010000000000000753   0.997506234413965
0.020000000000000753   0.990099009900989
0.030000000000000755   0.977995110024449
0.04000000000000076   0.961538461538460
0.05000000000000076   0.941176470588234
0.06000000000000076   0.917431192660549
0.07000000000000076   0.890868596881958
0.08000000000000075   0.862068965517239
0.09000000000000075   0.831600831600829
0.10000000000000074   0.799999999999998
0.11000000000000074   0.767754318618040
0.12000000000000073   0.735294117647057
0.13000000000000073   0.702987697715288
0.14000000000000073   0.671140939597313
0.15000000000000074   0.639999999999998
0.16000000000000075   0.609756097560973
0.17000000000000076   0.580551523947748
0.18000000000000077   0.552486187845302
0.19000000000000078   0.525624178712219
0.2000000000000008   0.499999999999998
0.2100000000000008   0.475624256837097
0.2200000000000008   0.452488687782804
0.23000000000000081   0.430570505920343
0.24000000000000082   0.409836065573769
0.25000000000000083   0.390243902439023
0.26000000000000084   0.371747211895909
0.27000000000000085   0.354295837023914
0.28000000000000086   0.337837837837836
0.29000000000000087   0.322320709105559
0.3000000000000009   0.307692307692306
0.3100000000000009   0.293901542983100
0.3200000000000009   0.280898876404493
0.3300000000000009   0.268636668905305
0.3400000000000009   0.257069408740359
0.3500000000000009   0.246153846153845
0.36000000000000093   0.235849056603773
0.37000000000000094   0.226116449971735
0.38000000000000095   0.216919739696312
0.39000000000000096   0.208224882873503
0.40000000000000097   0.199999999999999
0.410000000000001   0.192215281114848
0.420000000000001   0.184842883548983
0.430000000000001   0.177856825255669
0.440000000000001   0.171232876712328
0.450000000000001   0.164948453608247
0.460000000000001   0.158982511923688
0.47000000000000103   0.153315446531237
0.48000000000000104   0.147928994082840
0.49000000000000105   0.142806140664048
0.500000000000001   0.137931034482758
0.510000000000001   0.133288903698767
0.520000000000001   0.128865979381443
0.530000000000001   0.124649423496416
0.540000000000001   0.120627261761158
0.550000000000001   0.116788321167883
0.560000000000001   0.113122171945701
0.5700000000000011   0.109619073718827
0.5800000000000011   0.106269925611052
0.5900000000000011   0.103066220046379
0.6000000000000011   0.0999999999999997
0.6100000000000011   0.0970638194612955
0.6200000000000011   0.0942507068803013
0.6300000000000011   0.0915541313801782
0.6400000000000011   0.0889679715302488
0.6500000000000011   0.0864864864864862
0.6600000000000011   0.0841042893187550
0.6700000000000012   0.0818163223563098
0.6800000000000012   0.0796178343949042
0.6900000000000012   0.0775043596202284
0.7000000000000012   0.0754716981132073
0.7100000000000012   0.0735158978129018
0.7200000000000012   0.0716332378223493
0.7300000000000012   0.0698202129516493
0.7400000000000012   0.0680735194009528
0.7500000000000012   0.0663900414937757
0.7600000000000012   0.0647668393782381
0.7700000000000012   0.0632011376204770
0.7800000000000012   0.0616903146206044
0.7900000000000013   0.0602318927872307
0.8000000000000013   0.0588235294117645
0.8100000000000013   0.0574630081884785
0.8200000000000013   0.0561482313307129
0.8300000000000013   0.0548772122376182
0.8400000000000013   0.0536480686695277
0.8500000000000013   0.0524590163934425
0.8600000000000013   0.0513083632632118
0.8700000000000013   0.0501945037018445
0.8800000000000013   0.0491159135559920
0.8900000000000013   0.0480711452950365
0.9000000000000014   0.0470588235294116
0.9100000000000014   0.0460776408247896
0.9200000000000014   0.0451263537906136
0.9300000000000014   0.0442037794231406
0.9400000000000014   0.0433087916847119
0.9500000000000014   0.0424403183023871
0.9600000000000014   0.0415973377703826
0.9700000000000014   0.0407788765419512
0.9800000000000014   0.0399840063974409
0.9900000000000014   0.0392118419762767
