-1.0   0.038461538476481039
-0.99   -2.5213446186196400
-0.98   -3.7841706807798197
-0.97   -4.1782689798899302
-0.96   -4.0219534055432806
-0.95   -3.5467882999486573
-0.94   -2.9166663907150205
-0.9299999999999999   -2.2433938490570480
-0.9199999999999999   -1.5993216426588255
-0.9099999999999999   -1.0274919552154618
-0.8999999999999999   -0.54970579718437484
-0.8899999999999999   -0.17286232206490215
-0.8799999999999999   0.10612887005536020
-0.8699999999999999   0.29660462283910860
-0.8599999999999999   0.41135474339223421
-0.8499999999999999   0.46459214835670970
-0.8399999999999999   0.47052997699521537
-0.8299999999999998   0.44243457241204531
-0.8199999999999998   0.39204540860921355
-0.8099999999999998   0.32927219831538501
-0.7999999999999998   0.26209588744745771
-0.7899999999999998   0.19661433008335205
-0.7799999999999998   0.13718541893837077
-0.7699999999999998   0.086630570891021108
-0.7599999999999998   0.046469961900219570
-0.7499999999999998   0.017167975501127586
-0.7399999999999998   -0.0016268414512099483
-0.7299999999999998   -0.010858267120334997
-0.7199999999999998   -0.011862459290960636
-0.7099999999999997   -0.0061956623055965387
-0.6999999999999997   0.0045087089330551056
-0.6899999999999997   0.018653674602471915
-0.6799999999999997   0.034764366303636329
-0.6699999999999997   0.051548073964794661
-0.6599999999999997   0.067931557977415791
-0.6499999999999997   0.083078854337582886
-0.6399999999999997   0.096392925977858424
-0.6299999999999997   0.10750447768520388
-0.6199999999999997   0.11625109476457196
-0.6099999999999997   0.12264962060522977
-0.5999999999999996   0.12686438383518372
-0.5899999999999996   0.12917354526906211
-0.5799999999999996   0.12993547758878810
-0.5699999999999996   0.12955673209446705
-0.5599999999999996   0.12846279909804292
-0.5499999999999996   0.12707254090491799
-0.5399999999999996   0.12577687566591472
-0.5299999999999996   0.12492202138663649
-0.5199999999999996   0.12479737495301629
-0.5099999999999996   0.12562790255708528
-0.49999999999999956   0.12757075551752961
-0.48999999999999955   0.13071569830090213
-0.47999999999999954   0.13508884186240183
-0.46999999999999953   0.14065911291649549
-0.4599999999999995   0.14734685563155669
-0.4499999999999995   0.15503395341029183
-0.4399999999999995   0.16357487156643549
-0.4299999999999995   0.17280805344421513
-0.4199999999999995   0.18256714945732108
-0.4099999999999995   0.19269161733423751
-0.39999999999999947   0.20303629937006282
-0.38999999999999946   0.21347965571765529
-0.37999999999999945   0.22393040894765600
-0.36999999999999944   0.23433243177355857
-0.35999999999999943   0.24466778476057852
-0.3499999999999994   0.25495788209585752
-0.3399999999999994   0.26526282947201269
-0.3299999999999994   0.27567903750571097
-0.3199999999999994   0.28633526585039328
-0.3099999999999994   0.29738729652452750
-0.2999999999999994   0.30901146948968882
-0.28999999999999937   0.32139733895515761
-0.27999999999999936   0.33473972526837774
-0.26999999999999935   0.34923044479522632
-0.25999999999999934   0.36504999930930939
-0.24999999999999933   0.38235949766695046
-0.23999999999999932   0.40129306665366623
-0.22999999999999932   0.42195098567077762
-0.2199999999999993   0.44439375229737637
-0.2099999999999993   0.46863725368652583
-0.1999999999999993   0.49464918324853934
-0.18999999999999928   0.52234680416910985
-0.17999999999999927   0.55159612203277670
-0.16999999999999926   0.58221248917611396
-0.15999999999999925   0.61396262434201629
-0.14999999999999925   0.64656799365075059
-0.13999999999999924   0.67970946367724848
-0.12999999999999923   0.71303310527524060
-0.11999999999999923   0.74615699837040956
-0.10999999999999924   0.77867886380691762
-0.09999999999999924   0.81018432891540607
-0.08999999999999925   0.84025561910347829
-0.07999999999999925   0.86848045866384181
-0.06999999999999926   0.89446096024703528
-0.059999999999999255   0.91782228403723793
-0.04999999999999925   0.93822085447265547
-0.03999999999999925   0.95535193413245302
-0.02999999999999925   0.96895637083738865
-0.019999999999999248   0.97882635465767681
-0.009999999999999247   0.98481004588433878
7.528699885739343e-16   0.98681496252374749
0.010000000000000753   0.98481004588433818
0.020000000000000753   0.97882635465767562
0.030000000000000755   0.96895637083738689
0.04000000000000076   0.95535193413245072
0.05000000000000076   0.93822085447265267
0.06000000000000076   0.91782228403723467
0.07000000000000076   0.89446096024703164
0.08000000000000075   0.86848045866383784
0.09000000000000075   0.84025561910347401
0.10000000000000074   0.81018432891540163
0.11000000000000074   0.77867886380691298
0.12000000000000073   0.74615699837040491
0.13000000000000073   0.71303310527523597
0.14000000000000073   0.67970946367724396
0.15000000000000074   0.64656799365074614
0.16000000000000075   0.61396262434201212
0.17000000000000076   0.58221248917611000
0.18000000000000077   0.55159612203277312
0.19000000000000078   0.52234680416910670
0.2000000000000008   0.49464918324853664
0.2100000000000008   0.46863725368652354
0.2200000000000008   0.44439375229737464
0.23000000000000081   0.42195098567077639
0.24000000000000082   0.40129306665366572
0.25000000000000083   0.38235949766695056
0.26000000000000084   0.36504999930931010
0.27000000000000085   0.34923044479522759
0.28000000000000086   0.33473972526837961
0.29000000000000087   0.32139733895516062
0.3000000000000009   0.30901146948969239
0.3100000000000009   0.29738729652453159
0.3200000000000009   0.28633526585039890
0.3300000000000009   0.27567903750571783
0.3400000000000009   0.26526282947202092
0.3500000000000009   0.25495788209586624
0.36000000000000093   0.24466778476059033
0.37000000000000094   0.23433243177356954
0.38000000000000095   0.22393040894766966
0.39000000000000096   0.21347965571766946
0.40000000000000097   0.20303629937007985
0.410000000000001   0.19269161733425780
0.420000000000001   0.18256714945734341
0.430000000000001   0.17280805344423898
0.440000000000001   0.16357487156646433
0.450000000000001   0.15503395341032175
0.460000000000001   0.14734685563158945
0.47000000000000103   0.14065911291653443
0.48000000000000104   0.13508884186244413
0.49000000000000105   0.13071569830095559
0.500000000000001   0.12757075551758434
0.510000000000001   0.12562790255715034
0.520000000000001   0.12479737495308135
0.530000000000001   0.12492202138670244
0.540000000000001   0.12577687566600243
0.550000000000001   0.12707254090501047
0.560000000000001   0.12846279909815306
0.5700000000000011   0.12955673209459762
0.5800000000000011   0.12993547758892021
0.5900000000000011   0.12917354526919766
0.6000000000000011   0.12686438383532839
0.6100000000000011   0.12264962060541307
0.6200000000000011   0.11625109476472484
0.6300000000000011   0.10750447768540183
0.6400000000000011   0.096392925978046939
0.6500000000000011   0.083078854337870212
0.6600000000000011   0.067931557977687573
0.6700000000000012   0.051548073965110852
0.6800000000000012   0.034764366303936978
0.6900000000000012   0.018653674602832515
0.7000000000000012   0.0045087089334208130
0.7100000000000012   -0.0061956623050516413
0.7200000000000012   -0.011862459290614691
0.7300000000000012   -0.010858267119907783
0.7400000000000012   -0.0016268414507840667
0.7500000000000012   0.017167975501620081
0.7600000000000012   0.046469961900653001
0.7700000000000012   0.086630570891408798
0.7800000000000012   0.13718541893886771
0.7900000000000013   0.19661433008408746
0.8000000000000013   0.26209588744823442
0.8100000000000013   0.32927219831608667
0.8200000000000013   0.39204540860979886
0.8300000000000013   0.44243457241319462
0.8400000000000013   0.47052997699609111
0.8500000000000013   0.46459214835736962
0.8600000000000013   0.41135474339256195
0.8700000000000013   0.29660462284012201
0.8800000000000013   0.10612887005541172
0.8900000000000013   -0.17286232206413032
0.9000000000000014   -0.54970579718346535
0.9100000000000014   -1.0274919552143889
0.9200000000000014   -1.5993216426577597
0.9300000000000014   -2.2433938490552823
0.9400000000000014   -2.9166663907158856
0.9500000000000014   -3.5467882999474956
0.9600000000000014   -4.0219534055423090
0.9700000000000014   -4.1782689798903458
0.9800000000000014   -3.7841706807814646
0.9900000000000014   -2.5213446186236101
