-1.0   0.038461538461538465
-0.99   0.043526583710407250
-0.98   0.048540723981900475
-0.97   0.053503959276018112
-0.96   0.058416289592760190
-0.95   0.063277714932126706
-0.94   0.068088235294117664
-0.9299999999999999   0.072847850678733061
-0.9199999999999999   0.077556561085972898
-0.9099999999999999   0.082214366515837147
-0.8999999999999999   0.086821266968325836
-0.8899999999999999   0.091377262443438964
-0.8799999999999999   0.095882352941176505
-0.8699999999999999   0.10033653846153851
-0.8599999999999999   0.10473981900452493
-0.8499999999999999   0.10909219457013580
-0.8399999999999999   0.11339366515837110
-0.8299999999999998   0.11764423076923084
-0.8199999999999998   0.12184389140271499
-0.8099999999999998   0.12599264705882361
-0.7999999999999998   0.13009049773755664
-0.7899999999999998   0.13413744343891412
-0.7799999999999998   0.13813348416289600
-0.7699999999999998   0.14207861990950235
-0.7599999999999998   0.14597285067873312
-0.7499999999999998   0.14981617647058832
-0.7399999999999998   0.15360859728506796
-0.7299999999999998   0.15735011312217205
-0.7199999999999998   0.16104072398190055
-0.7099999999999997   0.16468042986425348
-0.6999999999999997   0.16826923076923087
-0.6899999999999997   0.17180712669683267
-0.6799999999999997   0.17529411764705893
-0.6699999999999997   0.17873020361990960
-0.6599999999999997   0.18211538461538472
-0.6499999999999997   0.18544966063348427
-0.6399999999999997   0.18873303167420826
-0.6299999999999997   0.19196549773755667
-0.6199999999999997   0.19514705882352952
-0.6099999999999997   0.19827771493212680
-0.5999999999999996   0.20135746606334852
-0.5899999999999996   0.20438631221719468
-0.5799999999999996   0.20736425339366527
-0.5699999999999996   0.21029128959276029
-0.5599999999999996   0.21316742081447976
-0.5499999999999996   0.21599264705882365
-0.5399999999999996   0.21876696832579197
-0.5299999999999996   0.22149038461538474
-0.5199999999999996   0.22416289592760194
-0.5099999999999996   0.22678450226244356
-0.49999999999999956   0.22935520361990962
-0.48999999999999955   0.23187500000000012
-0.47999999999999954   0.23434389140271505
-0.46999999999999953   0.23676187782805442
-0.4599999999999995   0.23912895927601822
-0.4499999999999995   0.24144513574660645
-0.4399999999999995   0.24371040723981913
-0.4299999999999995   0.24592477375565623
-0.4199999999999995   0.24808823529411777
-0.4099999999999995   0.25020079185520374
-0.39999999999999947   0.25226244343891414
-0.38999999999999946   0.25427319004524899
-0.37999999999999945   0.25623303167420826
-0.36999999999999944   0.25814196832579198
-0.35999999999999943   0.26000000000000012
-0.3499999999999994   0.26180712669683270
-0.3399999999999994   0.26356334841628971
-0.3299999999999994   0.26526866515837116
-0.3199999999999994   0.26692307692307704
-0.3099999999999994   0.26852658371040736
-0.2999999999999994   0.27007918552036211
-0.28999999999999937   0.27158088235294129
-0.27999999999999936   0.27303167420814491
-0.26999999999999935   0.27443156108597296
-0.25999999999999934   0.27578054298642545
-0.24999999999999933   0.27707861990950237
-0.23999999999999932   0.27832579185520372
-0.22999999999999932   0.27952205882352952
-0.2199999999999993   0.28066742081447974
-0.2099999999999993   0.28176187782805440
-0.1999999999999993   0.28280542986425349
-0.18999999999999928   0.28379807692307702
-0.17999999999999927   0.28473981900452498
-0.16999999999999926   0.28563065610859738
-0.15999999999999925   0.28647058823529421
-0.14999999999999925   0.28725961538461547
-0.13999999999999924   0.28799773755656117
-0.12999999999999923   0.28868495475113131
-0.11999999999999923   0.28932126696832587
-0.10999999999999924   0.28990667420814487
-0.09999999999999924   0.29044117647058831
-0.08999999999999925   0.29092477375565618
-0.07999999999999925   0.29135746606334848
-0.06999999999999926   0.29173925339366522
-0.059999999999999255   0.29207013574660640
-0.04999999999999925   0.29235011312217201
-0.03999999999999925   0.29257918552036205
-0.02999999999999925   0.29275735294117653
-0.019999999999999248   0.29288461538461544
-0.009999999999999247   0.29296097285067878
7.528699885739343e-16   0.29298642533936656
0.010000000000000753   0.29296097285067878
0.020000000000000753   0.29288461538461543
0.030000000000000755   0.29275735294117651
0.04000000000000076   0.29257918552036203
0.05000000000000076   0.29235011312217198
0.06000000000000076   0.29207013574660637
0.07000000000000076   0.29173925339366519
0.08000000000000075   0.29135746606334844
0.09000000000000075   0.29092477375565613
0.10000000000000074   0.29044117647058826
0.11000000000000074   0.28990667420814482
0.12000000000000073   0.28932126696832581
0.13000000000000073   0.28868495475113124
0.14000000000000073   0.28799773755656110
0.15000000000000074   0.28725961538461539
0.16000000000000075   0.28647058823529412
0.17000000000000076   0.28563065610859729
0.18000000000000077   0.28473981900452489
0.19000000000000078   0.28379807692307692
0.2000000000000008   0.28280542986425339
0.2100000000000008   0.28176187782805429
0.2200000000000008   0.28066742081447962
0.23000000000000081   0.27952205882352939
0.24000000000000082   0.27832579185520360
0.25000000000000083   0.27707861990950224
0.26000000000000084   0.27578054298642531
0.27000000000000085   0.27443156108597282
0.28000000000000086   0.27303167420814476
0.29000000000000087   0.27158088235294113
0.3000000000000009   0.27007918552036195
0.3100000000000009   0.26852658371040719
0.3200000000000009   0.26692307692307687
0.3300000000000009   0.26526866515837098
0.3400000000000009   0.26356334841628953
0.3500000000000009   0.26180712669683251
0.36000000000000093   0.25999999999999993
0.37000000000000094   0.25814196832579178
0.38000000000000095   0.25623303167420806
0.39000000000000096   0.25427319004524878
0.40000000000000097   0.25226244343891393
0.410000000000001   0.25020079185520352
0.420000000000001   0.24808823529411754
0.430000000000001   0.24592477375565600
0.440000000000001   0.24371040723981889
0.450000000000001   0.24144513574660622
0.460000000000001   0.23912895927601798
0.47000000000000103   0.23676187782805417
0.48000000000000104   0.23434389140271480
0.49000000000000105   0.23187499999999986
0.500000000000001   0.22935520361990937
0.510000000000001   0.22678450226244330
0.520000000000001   0.22416289592760166
0.530000000000001   0.22149038461538447
0.540000000000001   0.21876696832579170
0.550000000000001   0.21599264705882337
0.560000000000001   0.21316742081447948
0.5700000000000011   0.21029128959276001
0.5800000000000011   0.20736425339366498
0.5900000000000011   0.20438631221719438
0.6000000000000011   0.20135746606334822
0.6100000000000011   0.19827771493212650
0.6200000000000011   0.19514705882352921
0.6300000000000011   0.19196549773755635
0.6400000000000011   0.18873303167420792
0.6500000000000011   0.18544966063348394
0.6600000000000011   0.18211538461538439
0.6700000000000012   0.17873020361990927
0.6800000000000012   0.17529411764705858
0.6900000000000012   0.17180712669683232
0.7000000000000012   0.16826923076923051
0.7100000000000012   0.16468042986425314
0.7200000000000012   0.16104072398190017
0.7300000000000012   0.15735011312217168
0.7400000000000012   0.15360859728506760
0.7500000000000012   0.14981617647058793
0.7600000000000012   0.14597285067873273
0.7700000000000012   0.14207861990950196
0.7800000000000012   0.13813348416289561
0.7900000000000013   0.13413744343891370
0.8000000000000013   0.13009049773755623
0.8100000000000013   0.12599264705882320
0.8200000000000013   0.12184389140271459
0.8300000000000013   0.11764423076923041
0.8400000000000013   0.11339366515837067
0.8500000000000013   0.10909219457013537
0.8600000000000013   0.10473981900452451
0.8700000000000013   0.10033653846153806
0.8800000000000013   0.095882352941176087
0.8900000000000013   0.091377262443438520
0.9000000000000014   0.086821266968325393
0.9100000000000014   0.082214366515836679
0.9200000000000014   0.077556561085972432
0.9300000000000014   0.072847850678732597
0.9400000000000014   0.068088235294117202
0.9500000000000014   0.063277714932126248
0.9600000000000014   0.058416289592759704
0.9700000000000014   0.053503959276017630
0.9800000000000014   0.048540723981899967
0.9900000000000014   0.043526583710406743
