-1.0   0.038461538461538228
-0.99   0.025543281249999746
-0.98   0.013692499999999759
-0.97   0.0028807812499997490
-0.96   -0.0069200000000003599
-0.95   -0.015737680288461871
-0.94   -0.023599807692308039
-0.9299999999999999   -0.030533641826923405
-0.9199999999999999   -0.036566153846154078
-0.9099999999999999   -0.041724026442307900
-0.8999999999999999   -0.046033653846154035
-0.8899999999999999   -0.049521141826923255
-0.8799999999999999   -0.052212307692308080
-0.8699999999999999   -0.054132680288461743
-0.8599999999999999   -0.055307500000000344
-0.8499999999999999   -0.055761718750000288
-0.8399999999999999   -0.055520000000000262
-0.8299999999999998   -0.054606718750000187
-0.8199999999999998   -0.053045961538461785
-0.8099999999999998   -0.050861526442307767
-0.7999999999999998   -0.048076923076923173
-0.7899999999999998   -0.044715372596153881
-0.7799999999999998   -0.040799807692307849
-0.7699999999999998   -0.036352872596153883
-0.7599999999999998   -0.031396923076923174
-0.7499999999999998   -0.025954026442307767
-0.7399999999999998   -0.020045961538461522
-0.7299999999999998   -0.013694218749999922
-0.7199999999999998   -0.0069199999999999947
-0.7099999999999997   0.00025578124999998866
-0.6999999999999997   0.0078125000000001041
-0.6899999999999997   0.015729819711538520
-0.6799999999999997   0.023987692307692426
-0.6699999999999997   0.032566358173076976
-0.6599999999999997   0.041446346153846281
-0.6499999999999997   0.050608473557692477
-0.6399999999999997   0.060033846153846365
-0.6299999999999997   0.069703858173077133
-0.6199999999999997   0.079600192307692539
-0.6099999999999997   0.089704819711538686
-0.5999999999999996   0.10000000000000022
-0.5899999999999996   0.11046828125000027
-0.5799999999999996   0.12109250000000026
-0.5699999999999996   0.13185578125000030
-0.5599999999999996   0.14274153846153884
-0.5499999999999996   0.15373347355769270
-0.5399999999999996   0.16481557692307727
-0.5299999999999996   0.17597212740384659
-0.5199999999999996   0.18718769230769278
-0.5099999999999996   0.19844712740384659
-0.49999999999999956   0.20973557692307738
-0.48999999999999955   0.22103847355769276
-0.47999999999999954   0.23234153846153896
-0.46999999999999953   0.24363078125000048
-0.4599999999999995   0.25489250000000050
-0.4499999999999995   0.26611328125000051
-0.4399999999999995   0.27728000000000056
-0.4299999999999995   0.28837981971153901
-0.4199999999999995   0.29940019230769289
-0.4099999999999995   0.31032885817307748
-0.39999999999999947   0.32115384615384671
-0.38999999999999946   0.33186347355769292
-0.37999999999999945   0.34244634615384675
-0.36999999999999944   0.35289135817307754
-0.35999999999999943   0.36318769230769289
-0.3499999999999994   0.37332481971153908
-0.3399999999999994   0.38329250000000061
-0.3299999999999994   0.39308078125000062
-0.3199999999999994   0.40268000000000062
-0.3099999999999994   0.41208078125000063
-0.2999999999999994   0.42127403846153909
-0.28999999999999937   0.43025097355769293
-0.27999999999999936   0.43900307692307755
-0.26999999999999935   0.44752212740384678
-0.25999999999999934   0.45580019230769291
-0.24999999999999933   0.46382962740384676
-0.23999999999999932   0.47160307692307751
-0.22999999999999932   0.47911347355769290
-0.2199999999999993   0.48635403846153905
-0.2099999999999993   0.49331828125000058
-0.1999999999999993   0.50000000000000056
-0.18999999999999928   0.50639328125000054
-0.17999999999999927   0.51249250000000054
-0.16999999999999926   0.51829231971153898
-0.15999999999999925   0.52378769230769281
-0.14999999999999925   0.52897385817307741
-0.13999999999999924   0.53384634615384662
-0.12999999999999923   0.53840097355769276
-0.11999999999999923   0.54263384615384658
-0.10999999999999924   0.54654135817307733
-0.09999999999999924   0.55012019230769268
-0.08999999999999925   0.55336731971153882
-0.07999999999999925   0.55628000000000033
-0.06999999999999926   0.55885578125000030
-0.059999999999999255   0.56109250000000028
-0.04999999999999925   0.56298828125000026
-0.03999999999999925   0.56454153846153869
-0.02999999999999925   0.56575097355769252
-0.019999999999999248   0.56661557692307711
-0.009999999999999247   0.56713462740384631
7.528699885739343e-16   0.56730769230769244
0.010000000000000753   0.56713462740384626
0.020000000000000753   0.56661557692307701
0.030000000000000755   0.56575097355769236
0.04000000000000076   0.56454153846153849
0.05000000000000076   0.56298828125000000
0.06000000000000076   0.56109249999999998
0.07000000000000076   0.55885578124999995
0.08000000000000075   0.55627999999999993
0.09000000000000075   0.55336731971153836
0.10000000000000074   0.55012019230769219
0.11000000000000074   0.54654135817307678
0.12000000000000073   0.54263384615384599
0.13000000000000073   0.53840097355769212
0.14000000000000073   0.53384634615384594
0.15000000000000074   0.52897385817307668
0.16000000000000075   0.52378769230769204
0.17000000000000076   0.51829231971153816
0.18000000000000077   0.51249249999999967
0.19000000000000078   0.50639328124999964
0.2000000000000008   0.49999999999999962
0.2100000000000008   0.49331828124999959
0.2200000000000008   0.48635403846153802
0.23000000000000081   0.47911347355769183
0.24000000000000082   0.47160307692307642
0.25000000000000083   0.46382962740384562
0.26000000000000084   0.45580019230769174
0.27000000000000085   0.44752212740384555
0.28000000000000086   0.43900307692307629
0.29000000000000087   0.43025097355769165
0.3000000000000009   0.42127403846153778
0.3100000000000009   0.41208078124999929
0.3200000000000009   0.40267999999999926
0.3300000000000009   0.39308078124999924
0.3400000000000009   0.38329249999999921
0.3500000000000009   0.37332481971153764
0.36000000000000093   0.36318769230769148
0.37000000000000094   0.35289135817307607
0.38000000000000095   0.34244634615384526
0.39000000000000096   0.33186347355769141
0.40000000000000097   0.32115384615384520
0.410000000000001   0.31032885817307596
0.420000000000001   0.29940019230769132
0.430000000000001   0.28837981971153749
0.440000000000001   0.27727999999999898
0.450000000000001   0.26611328124999898
0.460000000000001   0.25489249999999897
0.47000000000000103   0.24363078124999896
0.48000000000000104   0.23234153846153739
0.49000000000000105   0.22103847355769121
0.500000000000001   0.20973557692307589
0.510000000000001   0.19844712740384508
0.520000000000001   0.18718769230769122
0.530000000000001   0.17597212740384510
0.540000000000001   0.16481557692307585
0.550000000000001   0.15373347355769124
0.560000000000001   0.14274153846153746
0.5700000000000011   0.13185578124999900
0.5800000000000011   0.12109249999999895
0.5900000000000011   0.11046828124999893
0.6000000000000011   0.099999999999998953
0.6100000000000011   0.089704819711537497
0.6200000000000011   0.079600192307691364
0.6300000000000011   0.069703858173075939
0.6400000000000011   0.060033846153845149
0.6500000000000011   0.050608473557691369
0.6600000000000011   0.041446346153845283
0.6700000000000012   0.032566358173076087
0.6800000000000012   0.023987692307691454
0.6900000000000012   0.015729819711537626
0.7000000000000012   0.0078124999999992237
0.7100000000000012   0.00025578124999931645
0.7200000000000012   -0.0069200000000007155
0.7300000000000012   -0.013694218750000564
0.7400000000000012   -0.020045961538462023
0.7500000000000012   -0.025954026442308314
0.7600000000000012   -0.031396923076923574
0.7700000000000012   -0.036352872596154202
0.7800000000000012   -0.040799807692308026
0.7900000000000013   -0.044715372596154103
0.8000000000000013   -0.048076923076923248
0.8100000000000013   -0.050861526442307696
0.8200000000000013   -0.053045961538461564
0.8300000000000013   -0.054606718749999944
0.8400000000000013   -0.055519999999999875
0.8500000000000013   -0.055761718749999750
0.8600000000000013   -0.055307499999999525
0.8700000000000013   -0.054132680288461101
0.8800000000000013   -0.052212307692306961
0.8900000000000013   -0.049521141826922313
0.9000000000000014   -0.046033653846152947
0.9100000000000014   -0.041724026442306720
0.9200000000000014   -0.036566153846152610
0.9300000000000014   -0.030533641826921792
0.9400000000000014   -0.023599807692306273
0.9500000000000014   -0.015737680288459954
0.9600000000000014   -0.0069199999999983493
0.9700000000000014   0.0028807812500019139
0.9800000000000014   0.013692500000002014
0.9900000000000014   0.025543281250002289
