-1.0   0.038461538461538630
-0.99   0.075459692647841130
-0.98   0.10729841223092042
-0.97   0.13435649851446357
-0.96   0.15699704300709526
-0.95   0.17556779060901474
-0.94   0.19040149907362360
-0.9299999999999999   0.20181629474417881
-0.9199999999999999   0.21011602456544813
-0.9099999999999999   0.21559060437037139
-0.8999999999999999   0.21851636344173733
-0.8899999999999999   0.21915638534886526
-0.8799999999999999   0.21776084505929519
-0.8699999999999999   0.21456734232549240
-0.8599999999999999   0.20980123134654911
-0.8499999999999999   0.20367594670491197
-0.8399999999999999   0.19639332557810149
-0.8299999999999998   0.18814392622545294
-0.8199999999999998   0.17910734274985945
-0.8099999999999998   0.16945251613452656
-0.7999999999999998   0.15933804155473448
-0.7899999999999998   0.14891247196461178
-0.7799999999999998   0.13831461795891341
-0.7699999999999998   0.12767384390981411
-0.7599999999999998   0.11711036037870222
-0.7499999999999998   0.10673551280299291
-0.7399999999999998   0.096652066457940378
-0.7299999999999998   0.086954487693464232
-0.7199999999999998   0.077729221445985360
-0.7099999999999997   0.069054965025268922
-0.6999999999999997   0.061002938176275775
-0.6899999999999997   0.053637149416022846
-0.6799999999999997   0.047014658645456335
-0.6699999999999997   0.041185836036327655
-0.6599999999999997   0.036194617193083912
-0.6499999999999997   0.032078754589762689
-0.6399999999999997   0.028870065281899195
-0.6299999999999997   0.026594674893441002
-0.6199999999999997   0.025273257878671657
-0.6099999999999997   0.024921274059143482
-0.5999999999999996   0.025549201435618627
-0.5899999999999996   0.027162765275020942
-0.5799999999999996   0.029763163472393566
-0.5699999999999996   0.033347288187869248
-0.5599999999999996   0.037907943758646445
-0.5499999999999996   0.043434060885975747
-0.5399999999999996   0.049910907097155879
-0.5299999999999996   0.057320293482537785
-0.5199999999999996   0.065640777707536124
-0.5099999999999996   0.074847863299653112
-0.49999999999999956   0.084914195210509398
-0.48999999999999955   0.095809751652882545
-0.47999999999999954   0.10750203221275741
-0.46999999999999953   0.11995624223638259
-0.4599999999999995   0.13313547349233850
-0.4499999999999995   0.14700088110861183
-0.4399999999999995   0.16151185678468077
-0.4299999999999995   0.17662619827860806
-0.4199999999999995   0.19230027516914406
-0.4099999999999995   0.20848919089283735
-0.39999999999999947   0.22514694105615583
-0.38999999999999946   0.24222656802261544
-0.37999999999999945   0.25968031177491803
-0.36999999999999944   0.27745975705209959
-0.35999999999999943   0.29551597676168488
-0.3499999999999994   0.31379967166685387
-0.3399999999999994   0.33226130634861418
-0.3299999999999994   0.35085124144298511
-0.3199999999999994   0.36951986215318868
-0.3099999999999994   0.38821770303685081
-0.2999999999999994   0.40689556906821055
-0.28999999999999937   0.42550465297533898
-0.27999999999999936   0.44399664885236668
-0.26999999999999935   0.46232386204671994
-0.25999999999999934   0.48043931532136642
-0.24999999999999933   0.49829685129206937
-0.23999999999999932   0.51585123113965077
-0.22999999999999932   0.53305822959726372
-0.2199999999999993   0.54987472621267330
-0.2099999999999993   0.56625879288554689
-0.1999999999999993   0.58216977767975293
-0.18999999999999928   0.59756838491066903
-0.17999999999999927   0.61241675150749871
-0.16999999999999926   0.62667851965059710
-0.15999999999999925   0.64031890568380590
-0.14999999999999925   0.65330476530179684
-0.13999999999999924   0.66560465501242433
-0.12999999999999923   0.67718888987408702
-0.11999999999999923   0.68802959750809818
-0.10999999999999924   0.69810076838606514
-0.09999999999999924   0.70737830239227762
-0.08999999999999925   0.71584005166110500
-0.07999999999999925   0.72346585968940244
-0.06999999999999926   0.73023759672392608
-0.059999999999999255   0.73613919142375708
-0.04999999999999925   0.74115665879773459
-0.03999999999999925   0.74527812441689774
-0.02999999999999925   0.74849384490193641
-0.019999999999999248   0.75079622468565114
-0.009999999999999247   0.75217982905042176
7.528699885739343e-16   0.75264139344068510
0.010000000000000753   0.75217982905042162
0.020000000000000753   0.75079622468565086
0.030000000000000755   0.74849384490193600
0.04000000000000076   0.74527812441689719
0.05000000000000076   0.74115665879773391
0.06000000000000076   0.73613919142375626
0.07000000000000076   0.73023759672392513
0.08000000000000075   0.72346585968940136
0.09000000000000075   0.71584005166110379
0.10000000000000074   0.70737830239227630
0.11000000000000074   0.69810076838606367
0.12000000000000073   0.68802959750809660
0.13000000000000073   0.67718888987408533
0.14000000000000073   0.66560465501242254
0.15000000000000074   0.65330476530179491
0.16000000000000075   0.64031890568380387
0.17000000000000076   0.62667851965059496
0.18000000000000077   0.61241675150749647
0.19000000000000078   0.59756838491066670
0.2000000000000008   0.58216977767975052
0.2100000000000008   0.56625879288554437
0.2200000000000008   0.54987472621267071
0.23000000000000081   0.53305822959726102
0.24000000000000082   0.51585123113964805
0.25000000000000083   0.49829685129206656
0.26000000000000084   0.48043931532136355
0.27000000000000085   0.46232386204671697
0.28000000000000086   0.44399664885236366
0.29000000000000087   0.42550465297533593
0.3000000000000009   0.40689556906820747
0.3100000000000009   0.38821770303684770
0.3200000000000009   0.36951986215318556
0.3300000000000009   0.35085124144298199
0.3400000000000009   0.33226130634861106
0.3500000000000009   0.31379967166685068
0.36000000000000093   0.29551597676168184
0.37000000000000094   0.27745975705209640
0.38000000000000095   0.25968031177491489
0.39000000000000096   0.24222656802261230
0.40000000000000097   0.22514694105615275
0.410000000000001   0.20848919089283430
0.420000000000001   0.19230027516914093
0.430000000000001   0.17662619827860512
0.440000000000001   0.16151185678467777
0.450000000000001   0.14700088110860902
0.460000000000001   0.13313547349233573
0.47000000000000103   0.11995624223637992
0.48000000000000104   0.10750203221275464
0.49000000000000105   0.095809751652879922
0.500000000000001   0.084914195210506897
0.510000000000001   0.074847863299650672
0.520000000000001   0.065640777707533479
0.530000000000001   0.057320293482535424
0.540000000000001   0.049910907097153802
0.550000000000001   0.043434060885973557
0.560000000000001   0.037907943758644523
0.5700000000000011   0.033347288187867562
0.5800000000000011   0.029763163472391968
0.5900000000000011   0.027162765275019309
0.6000000000000011   0.025549201435617177
0.6100000000000011   0.024921274059142185
0.6200000000000011   0.025273257878670508
0.6300000000000011   0.026594674893439758
0.6400000000000011   0.028870065281897819
0.6500000000000011   0.032078754589761692
0.6600000000000011   0.036194617193083236
0.6700000000000012   0.041185836036327289
0.6800000000000012   0.047014658645455711
0.6900000000000012   0.053637149416022298
0.7000000000000012   0.061002938176275157
0.7100000000000012   0.069054965025268824
0.7200000000000012   0.077729221445985207
0.7300000000000012   0.086954487693463884
0.7400000000000012   0.096652066457940492
0.7500000000000012   0.10673551280299285
0.7600000000000012   0.11711036037870250
0.7700000000000012   0.12767384390981407
0.7800000000000012   0.13831461795891372
0.7900000000000013   0.14891247196461181
0.8000000000000013   0.15933804155473473
0.8100000000000013   0.16945251613452705
0.8200000000000013   0.17910734274985991
0.8300000000000013   0.18814392622545364
0.8400000000000013   0.19639332557810218
0.8500000000000013   0.20367594670491266
0.8600000000000013   0.20980123134655053
0.8700000000000013   0.21456734232549260
0.8800000000000013   0.21776084505929637
0.8900000000000013   0.21915638534886497
0.9000000000000014   0.21851636344173683
0.9100000000000014   0.21559060437037089
0.9200000000000014   0.21011602456544816
0.9300000000000014   0.20181629474417896
0.9400000000000014   0.19040149907362273
0.9500000000000014   0.17556779060901404
0.9600000000000014   0.15699704300709466
0.9700000000000014   0.13435649851446201
0.9800000000000014   0.10729841223091900
0.9900000000000014   0.075459692647839790
