-1.0   0.038461538461540989
-0.99   -0.050155462838148356
-0.98   -0.11969249006448090
-0.97   -0.17246345698414481
-0.96   -0.21059503776268693
-0.95   -0.23603698465052749
-0.94   -0.25057206779590639
-0.9299999999999999   -0.25582564559852982
-0.9199999999999999   -0.25327487393077413
-0.9099999999999999   -0.24425756246600573
-0.8999999999999999   -0.22998068626630477
-0.8899999999999999   -0.21152856069485757
-0.8799999999999999   -0.18987068763096292
-0.8699999999999999   -0.16586928087842874
-0.8599999999999999   -0.14028647857099961
-0.8499999999999999   -0.11379125029120168
-0.8399999999999999   -0.086966006531838533
-0.8299999999999998   -0.060312918042148196
-0.8199999999999998   -0.034259952513485572
-0.8099999999999998   -0.0091666359721721649
-0.7999999999999998   0.014670453840068419
-0.7899999999999998   0.037012454904759700
-0.7799999999999998   0.057673242078383624
-0.7699999999999998   0.076514694938253810
-0.7599999999999998   0.093442205390845046
-0.7499999999999998   0.10840041819811935
-0.7399999999999998   0.12136919766447899
-0.7299999999999998   0.13235981381427870
-0.7199999999999998   0.14141134147695656
-0.7099999999999997   0.14858726578402874
-0.6999999999999997   0.15397228766942435
-0.6899999999999997   0.15766932305178927
-0.6799999999999997   0.15979668946462384
-0.6699999999999997   0.16048547398724045
-0.6599999999999997   0.15987707641680036
-0.6499999999999997   0.15812092170881178
-0.6399999999999997   0.15537233580070792
-0.6299999999999997   0.15179057902028903
-0.6199999999999997   0.14753703136801332
-0.6099999999999997   0.14277352404931390
-0.5999999999999996   0.13766081172029937
-0.5899999999999996   0.13235717999741191
-0.5799999999999996   0.12701718286876523
-0.5699999999999996   0.12179050473212973
-0.5599999999999996   0.11682094187167094
-0.5499999999999996   0.11224549827277636
-0.5399999999999996   0.10819359076148045
-0.5299999999999996   0.10478635854218705
-0.5199999999999996   0.10213607229458329
-0.5099999999999996   0.10034563807784057
-0.49999999999999956   0.099508191377368290
-0.48999999999999955   0.099706776716587108
-0.47999999999999954   0.10101410834339406
-0.46999999999999953   0.10349240758815190
-0.4599999999999995   0.10719331257725919
-0.4499999999999995   0.11215785607352029
-0.4399999999999995   0.11841650730174770
-0.4299999999999995   0.12598927370520637
-0.4199999999999995   0.13488585866570670
-0.4099999999999995   0.14510587130734171
-0.39999999999999947   0.15663908459105779
-0.38999999999999946   0.16946573799443521
-0.37999999999999945   0.18355688115824863
-0.36999999999999944   0.19887475496857253
-0.35999999999999943   0.21537320663037438
-0.3499999999999994   0.23299813537575021
-0.3399999999999994   0.25168796553712430
-0.3299999999999994   0.27137414380294984
-0.3199999999999994   0.29198165756061717
-0.3099999999999994   0.31342957131848384
-0.2999999999999994   0.33563157828611990
-0.28999999999999937   0.35849656427906194
-0.27999999999999936   0.38192918120155394
-0.26999999999999935   0.40583042744794678
-0.25999999999999934   0.43009823265062107
-0.24999999999999933   0.45462804428948510
-0.23999999999999932   0.47931341376529368
-0.22999999999999932   0.50404657962622455
-0.2199999999999993   0.52871904572433810
-0.2099999999999993   0.55322215216574043
-0.1999999999999993   0.57744763700545731
-0.18999999999999928   0.60128818672522092
-0.17999999999999927   0.62463797361955991
-0.16999999999999926   0.64739317830277572
-0.15999999999999925   0.66945249563657951
-0.14999999999999925   0.69071762246535324
-0.13999999999999924   0.71109372563319177
-0.12999999999999923   0.73048988884407274
-0.11999999999999923   0.74881953701369201
-0.10999999999999924   0.76600083684869430
-0.09999999999999924   0.78195707247621882
-0.08999999999999925   0.79661699503387166
-0.07999999999999925   0.80991514521742698
-0.06999999999999926   0.82179214787075095
-0.059999999999999255   0.83219497778963272
-0.04999999999999925   0.84107719599839835
-0.03999999999999925   0.84839915584537444
-0.02999999999999925   0.85412817835045931
-0.019999999999999248   0.85823869632525089
-0.009999999999999247   0.86071236687337120
7.528699885739343e-16   0.86153815196581872
0.010000000000000753   0.86071236687337094
0.020000000000000753   0.85823869632525038
0.030000000000000755   0.85412817835045854
0.04000000000000076   0.84839915584537342
0.05000000000000076   0.84107719599839709
0.06000000000000076   0.83219497778963122
0.07000000000000076   0.82179214787074923
0.08000000000000075   0.80991514521742503
0.09000000000000075   0.79661699503386949
0.10000000000000074   0.78195707247621646
0.11000000000000074   0.76600083684869172
0.12000000000000073   0.74881953701368926
0.13000000000000073   0.73048988884406982
0.14000000000000073   0.71109372563318872
0.15000000000000074   0.69071762246535000
0.16000000000000075   0.66945249563657616
0.17000000000000076   0.64739317830277224
0.18000000000000077   0.62463797361955633
0.19000000000000078   0.60128818672521727
0.2000000000000008   0.57744763700545362
0.2100000000000008   0.55322215216573664
0.2200000000000008   0.52871904572433430
0.23000000000000081   0.50404657962622069
0.24000000000000082   0.47931341376528990
0.25000000000000083   0.45462804428948131
0.26000000000000084   0.43009823265061732
0.27000000000000085   0.40583042744794300
0.28000000000000086   0.38192918120155024
0.29000000000000087   0.35849656427905837
0.3000000000000009   0.33563157828611642
0.3100000000000009   0.31342957131848046
0.3200000000000009   0.29198165756061399
0.3300000000000009   0.27137414380294682
0.3400000000000009   0.25168796553712149
0.3500000000000009   0.23299813537574745
0.36000000000000093   0.21537320663037212
0.37000000000000094   0.19887475496857013
0.38000000000000095   0.18355688115824654
0.39000000000000096   0.16946573799443325
0.40000000000000097   0.15663908459105616
0.410000000000001   0.14510587130734029
0.420000000000001   0.13488585866570533
0.430000000000001   0.12598927370520549
0.440000000000001   0.11841650730174690
0.450000000000001   0.11215785607351989
0.460000000000001   0.10719331257725896
0.47000000000000103   0.10349240758815200
0.48000000000000104   0.10101410834339400
0.49000000000000105   0.099706776716587499
0.500000000000001   0.099508191377368780
0.510000000000001   0.10034563807784139
0.520000000000001   0.10213607229458345
0.530000000000001   0.10478635854218775
0.540000000000001   0.10819359076148175
0.550000000000001   0.11224549827277726
0.560000000000001   0.11682094187167234
0.5700000000000011   0.12179050473213142
0.5800000000000011   0.12701718286876703
0.5900000000000011   0.13235717999741346
0.6000000000000011   0.13766081172030091
0.6100000000000011   0.14277352404931525
0.6200000000000011   0.14753703136801484
0.6300000000000011   0.15179057902029003
0.6400000000000011   0.15537233580070815
0.6500000000000011   0.15812092170881275
0.6600000000000011   0.15987707641680146
0.6700000000000012   0.16048547398724178
0.6800000000000012   0.15979668946462400
0.6900000000000012   0.15766932305178912
0.7000000000000012   0.15397228766942314
0.7100000000000012   0.14858726578402829
0.7200000000000012   0.14141134147695557
0.7300000000000012   0.13235981381427569
0.7400000000000012   0.12136919766447689
0.7500000000000012   0.10840041819811627
0.7600000000000012   0.093442205390841879
0.7700000000000012   0.076514694938248160
0.7800000000000012   0.057673242078379311
0.7900000000000013   0.037012454904753645
0.8000000000000013   0.014670453840062046
0.8100000000000013   -0.0091666359721782507
0.8200000000000013   -0.034259952513493408
0.8300000000000013   -0.060312918042154453
0.8400000000000013   -0.086966006531845993
0.8500000000000013   -0.11379125029121096
0.8600000000000013   -0.14028647857100686
0.8700000000000013   -0.16586928087843804
0.8800000000000013   -0.18987068763097310
0.8900000000000013   -0.21152856069487127
0.9000000000000014   -0.22998068626631896
0.9100000000000014   -0.24425756246602172
0.9200000000000014   -0.25327487393078880
0.9300000000000014   -0.25582564559854035
0.9400000000000014   -0.25057206779592291
0.9500000000000014   -0.23603698465054016
0.9600000000000014   -0.21059503776269835
0.9700000000000014   -0.17246345698416013
0.9800000000000014   -0.11969249006449284
0.9900000000000014   -0.050155462838158872
